190 53
255 150
38 109
132 226
163 198
223 38
83 244
158 41
40 210
73 13
200 125
161 238
45 113
253 78
158 110
122 217
228 112
64 141
134 70
172 6
32 150
144 104
32 110
60 174
130 233
54 56
32 126
130 128
54 87
209 12
8 110
14 221
178 112
161 93
96 133
44 122
220 85
210 63
114 252
148 118
210 149
70 226
171 12
236 40
168 28
37 97
10 203
122 163
171 238
254 209
209 97
45 53
240 170
88 57
40 166
153 30
189 242
26 253
106 243
199 30
159 130
188 86
42 124
212 91
23 207
136 60
124 50
239 19
183 212
235 197
247 199
147 125
248 211
234 81
26 107
148 213
164 156
130 51
215 56
20 14
24 17
134 54
97 78
94 154
42 167
36 18
133 169
194 196
9 239
70 114
22 214
132 200
183 215
16 86
138 175
238 84
31 150
163 180
32 252
57 129
