10070
38250
 4142
29832
32274
 8474
20252
 6478
 8400
  949
25000
38318
 5085
19734
17380
26474
25536
 9024
 9380
 1032
 4800
14976
 3520
10440
30290
 3024
 4032
16640
 4698
 2508
  880
 3094
19936
14973
12768
 5368
18700
13230
28728
17464
31290
15820
 2052
 9440
 4704
 3589
 2030
19886
40698
53086
20273
 2385
40800
 5016
 6640
 4590
45738
 6578
25758
 5970
20670
16168
 5208
19292
 4761
 8160
 6200
 4541
38796
46295
49153
18375
52328
18954
 2782
31524
25584
 6630
12040
  280
  408
 7236
 7566
14476
 7014
  648
22477
38024
 2151
 7980
 4708
26400
39345
 1376
24150
19992
 4650
29340
 8064
 7353
